R-squared: 0.5087025714564899
RMSE: 1.6599843961355374
MAE: 1.2292655570592652
